105041805
220335555
346136250
482702222
630295138
789180000
959625138
1141902222
1336286250
1543055555
1762491805
1994880000
2240508472
2499668888
2772656250
3059768888
3361308472
3677580000
4008891805
4355555555
4717886250
5096202222
5490825138
5902080000
6330295138
6775802222
7238936250
7720035555
8219441805
8737500000
9274558472
9830968888
10407086250
11003268888
11619878472
12257280000
12915841805
13595935555
14297936250
15022222222
15769175138
16539180000
17332625138
18149902222
18991406250
19857535555
20748691805
21665280000
22607708472
23576388888
24571736250
25594168888
26644108472
27721980000
28828211805
29963235555
31127486250
32321402222
33545425138
34800000000
36085575138
37402602222
38751536250
40132835555
41546961805
42994380000
44475558472
45990968888
47541086250
49126388888
50747358472
52404480000
54098241805
55829135555
57597656250
59404302222
61249575138
63133980000
65058025138
67022222222
69027086250
71073135555
73160891805
75290880000
77463628472
79679668888
81939536250
84243768888
86592908472
88987500000
91428091805
93915235555
96449486250
99031402222
101661545138
104340480000
107068775138
109847002222
112675736250
115555555555
7
4
0
6
10
14
18
22
26
30
34
